<html>
<head><meta charset="utf-8" /></head>
<body>
    <div>                        <script type="text/javascript">window.PlotlyConfig = {MathJaxConfig: 'local'};</script>
        <script charset="utf-8" src="https://cdn.plot.ly/plotly-2.35.2.min.js"></script>                <div id="e22daa1c-1f4e-4b3f-b61b-3399d4aae0d8" class="plotly-graph-div" style="height:100%; width:100%;"></div>            <script type="text/javascript">                                    window.PLOTLYENV=window.PLOTLYENV || {};                                    if (document.getElementById("e22daa1c-1f4e-4b3f-b61b-3399d4aae0d8")) {                    Plotly.newPlot(                        "e22daa1c-1f4e-4b3f-b61b-3399d4aae0d8",                        [{"customdata":[[11674.0,0.999914346895075,1.0,0.00008565310492505354,11675.0],[85.0,0.2786885245901639,220.0,0.7213114754098361,305.0],[127.0,0.2822222222222222,323.0,0.7177777777777777,450.0],[21.0,0.06,329.0,0.94,350.0],[29.0,0.0838150289017341,317.0,0.9161849710982659,346.0],[10.0,0.035211267605633804,274.0,0.9647887323943662,284.0],[52.0,0.1187214611872146,386.0,0.8812785388127854,438.0],[63.0,0.054498269896193774,1093.0,0.9455017301038062,1156.0],[2.0,0.003676470588235294,542.0,0.9963235294117647,544.0],[3.0,0.09090909090909091,30.0,0.9090909090909091,33.0],[0.0,0.0,10.0,1.0,10.0],[6.0,0.23076923076923078,20.0,0.7692307692307693,26.0],[2.0,0.0015810276679841897,1263.0,0.9984189723320158,1265.0],[0.0,0.0,531.0,1.0,531.0],[4.0,0.0547945205479452,69.0,0.9452054794520548,73.0],[14.0,0.6666666666666666,7.0,0.3333333333333333,21.0],[16030.0,0.9345304028449833,1123.0,0.06546959715501662,17153.0],[3534.0,0.2592619763773751,10097.0,0.7407380236226249,13631.0],[1308.0,0.2273596384495046,4445.0,0.7726403615504954,5753.0],[320.0,0.06207565470417071,4835.0,0.9379243452958292,5155.0],[145.0,0.07579717720857292,1768.0,0.9242028227914271,1913.0],[119.0,0.10033726812816189,1067.0,0.8996627318718381,1186.0],[68.0,0.04447351209941138,1461.0,0.9555264879005886,1529.0],[49.0,0.1416184971098266,297.0,0.8583815028901735,346.0],[33.0,0.2661290322580645,91.0,0.7338709677419355,124.0]],"hovertemplate":"\u003cb\u003e%{y}\u003c\u002fb\u003e\u003cbr\u003eDecayed: %{customdata[0]:,} (%{customdata[1]:.0%})\u003cbr\u003eActive:  %{customdata[2]:,} (%{customdata[3]:.0%})\u003cbr\u003eTotal:   %{customdata[4]:,}\u003cextra\u003e\u003c\u002fextra\u003e","marker":{"color":"#E15759"},"name":"Decayed","orientation":"h","x":[-11674,-85,-127,-21,-29,-10,-52,-63,-2,-3,0,-6,-2,0,-4,-14,-16030,-3534,-1308,-320,-145,-119,-68,-49,-33],"y":["   0– 200 km"," 2– 3k km"," 3– 6k km"," 6– 9k km"," 9–12k km","12–15k km","15–18k km","18–21k km","21–24k km","24–27k km","27–30k km","30–33k km","33–36k km","36–37k km","37–42k km","42–60k km"," 200– 400 km"," 400– 600 km"," 600– 800 km"," 800–1000 km","1000–1200 km","1200–1400 km","1400–1600 km","1600–1800 km","1800–2000 km"],"type":"bar"},{"customdata":[[1.0,0.00008565310492505354,11674.0,0.999914346895075,11675.0],[220.0,0.7213114754098361,85.0,0.2786885245901639,305.0],[323.0,0.7177777777777777,127.0,0.2822222222222222,450.0],[329.0,0.94,21.0,0.06,350.0],[317.0,0.9161849710982659,29.0,0.0838150289017341,346.0],[274.0,0.9647887323943662,10.0,0.035211267605633804,284.0],[386.0,0.8812785388127854,52.0,0.1187214611872146,438.0],[1093.0,0.9455017301038062,63.0,0.054498269896193774,1156.0],[542.0,0.9963235294117647,2.0,0.003676470588235294,544.0],[30.0,0.9090909090909091,3.0,0.09090909090909091,33.0],[10.0,1.0,0.0,0.0,10.0],[20.0,0.7692307692307693,6.0,0.23076923076923078,26.0],[1263.0,0.9984189723320158,2.0,0.0015810276679841897,1265.0],[531.0,1.0,0.0,0.0,531.0],[69.0,0.9452054794520548,4.0,0.0547945205479452,73.0],[7.0,0.3333333333333333,14.0,0.6666666666666666,21.0],[1123.0,0.06546959715501662,16030.0,0.9345304028449833,17153.0],[10097.0,0.7407380236226249,3534.0,0.2592619763773751,13631.0],[4445.0,0.7726403615504954,1308.0,0.2273596384495046,5753.0],[4835.0,0.9379243452958292,320.0,0.06207565470417071,5155.0],[1768.0,0.9242028227914271,145.0,0.07579717720857292,1913.0],[1067.0,0.8996627318718381,119.0,0.10033726812816189,1186.0],[1461.0,0.9555264879005886,68.0,0.04447351209941138,1529.0],[297.0,0.8583815028901735,49.0,0.1416184971098266,346.0],[91.0,0.7338709677419355,33.0,0.2661290322580645,124.0]],"hovertemplate":"\u003cb\u003e%{y}\u003c\u002fb\u003e\u003cbr\u003eActive:  %{customdata[0]:,} (%{customdata[1]:.0%})\u003cbr\u003eDecayed: %{customdata[2]:,} (%{customdata[3]:.0%})\u003cbr\u003eTotal:   %{customdata[4]:,}\u003cextra\u003e\u003c\u002fextra\u003e","marker":{"color":"#4C78A8"},"name":"Active","orientation":"h","x":[1,220,323,329,317,274,386,1093,542,30,10,20,1263,531,69,7,1123,10097,4445,4835,1768,1067,1461,297,91],"y":["   0– 200 km"," 2– 3k km"," 3– 6k km"," 6– 9k km"," 9–12k km","12–15k km","15–18k km","18–21k km","21–24k km","24–27k km","27–30k km","30–33k km","33–36k km","36–37k km","37–42k km","42–60k km"," 200– 400 km"," 400– 600 km"," 600– 800 km"," 800–1000 km","1000–1200 km","1200–1400 km","1400–1600 km","1600–1800 km","1800–2000 km"],"type":"bar"}],                        {"template":{"data":{"barpolar":[{"marker":{"line":{"color":"white","width":0.5},"pattern":{"fillmode":"overlay","size":10,"solidity":0.2}},"type":"barpolar"}],"bar":[{"error_x":{"color":"#2a3f5f"},"error_y":{"color":"#2a3f5f"},"marker":{"line":{"color":"white","width":0.5},"pattern":{"fillmode":"overlay","size":10,"solidity":0.2}},"type":"bar"}],"carpet":[{"aaxis":{"endlinecolor":"#2a3f5f","gridcolor":"#C8D4E3","linecolor":"#C8D4E3","minorgridcolor":"#C8D4E3","startlinecolor":"#2a3f5f"},"baxis":{"endlinecolor":"#2a3f5f","gridcolor":"#C8D4E3","linecolor":"#C8D4E3","minorgridcolor":"#C8D4E3","startlinecolor":"#2a3f5f"},"type":"carpet"}],"choropleth":[{"colorbar":{"outlinewidth":0,"ticks":""},"type":"choropleth"}],"contourcarpet":[{"colorbar":{"outlinewidth":0,"ticks":""},"type":"contourcarpet"}],"contour":[{"colorbar":{"outlinewidth":0,"ticks":""},"colorscale":[[0.0,"#0d0887"],[0.1111111111111111,"#46039f"],[0.2222222222222222,"#7201a8"],[0.3333333333333333,"#9c179e"],[0.4444444444444444,"#bd3786"],[0.5555555555555556,"#d8576b"],[0.6666666666666666,"#ed7953"],[0.7777777777777778,"#fb9f3a"],[0.8888888888888888,"#fdca26"],[1.0,"#f0f921"]],"type":"contour"}],"heatmapgl":[{"colorbar":{"outlinewidth":0,"ticks":""},"colorscale":[[0.0,"#0d0887"],[0.1111111111111111,"#46039f"],[0.2222222222222222,"#7201a8"],[0.3333333333333333,"#9c179e"],[0.4444444444444444,"#bd3786"],[0.5555555555555556,"#d8576b"],[0.6666666666666666,"#ed7953"],[0.7777777777777778,"#fb9f3a"],[0.8888888888888888,"#fdca26"],[1.0,"#f0f921"]],"type":"heatmapgl"}],"heatmap":[{"colorbar":{"outlinewidth":0,"ticks":""},"colorscale":[[0.0,"#0d0887"],[0.1111111111111111,"#46039f"],[0.2222222222222222,"#7201a8"],[0.3333333333333333,"#9c179e"],[0.4444444444444444,"#bd3786"],[0.5555555555555556,"#d8576b"],[0.6666666666666666,"#ed7953"],[0.7777777777777778,"#fb9f3a"],[0.8888888888888888,"#fdca26"],[1.0,"#f0f921"]],"type":"heatmap"}],"histogram2dcontour":[{"colorbar":{"outlinewidth":0,"ticks":""},"colorscale":[[0.0,"#0d0887"],[0.1111111111111111,"#46039f"],[0.2222222222222222,"#7201a8"],[0.3333333333333333,"#9c179e"],[0.4444444444444444,"#bd3786"],[0.5555555555555556,"#d8576b"],[0.6666666666666666,"#ed7953"],[0.7777777777777778,"#fb9f3a"],[0.8888888888888888,"#fdca26"],[1.0,"#f0f921"]],"type":"histogram2dcontour"}],"histogram2d":[{"colorbar":{"outlinewidth":0,"ticks":""},"colorscale":[[0.0,"#0d0887"],[0.1111111111111111,"#46039f"],[0.2222222222222222,"#7201a8"],[0.3333333333333333,"#9c179e"],[0.4444444444444444,"#bd3786"],[0.5555555555555556,"#d8576b"],[0.6666666666666666,"#ed7953"],[0.7777777777777778,"#fb9f3a"],[0.8888888888888888,"#fdca26"],[1.0,"#f0f921"]],"type":"histogram2d"}],"histogram":[{"marker":{"pattern":{"fillmode":"overlay","size":10,"solidity":0.2}},"type":"histogram"}],"mesh3d":[{"colorbar":{"outlinewidth":0,"ticks":""},"type":"mesh3d"}],"parcoords":[{"line":{"colorbar":{"outlinewidth":0,"ticks":""}},"type":"parcoords"}],"pie":[{"automargin":true,"type":"pie"}],"scatter3d":[{"line":{"colorbar":{"outlinewidth":0,"ticks":""}},"marker":{"colorbar":{"outlinewidth":0,"ticks":""}},"type":"scatter3d"}],"scattercarpet":[{"marker":{"colorbar":{"outlinewidth":0,"ticks":""}},"type":"scattercarpet"}],"scattergeo":[{"marker":{"colorbar":{"outlinewidth":0,"ticks":""}},"type":"scattergeo"}],"scattergl":[{"marker":{"colorbar":{"outlinewidth":0,"ticks":""}},"type":"scattergl"}],"scattermapbox":[{"marker":{"colorbar":{"outlinewidth":0,"ticks":""}},"type":"scattermapbox"}],"scatterpolargl":[{"marker":{"colorbar":{"outlinewidth":0,"ticks":""}},"type":"scatterpolargl"}],"scatterpolar":[{"marker":{"colorbar":{"outlinewidth":0,"ticks":""}},"type":"scatterpolar"}],"scatter":[{"fillpattern":{"fillmode":"overlay","size":10,"solidity":0.2},"type":"scatter"}],"scatterternary":[{"marker":{"colorbar":{"outlinewidth":0,"ticks":""}},"type":"scatterternary"}],"surface":[{"colorbar":{"outlinewidth":0,"ticks":""},"colorscale":[[0.0,"#0d0887"],[0.1111111111111111,"#46039f"],[0.2222222222222222,"#7201a8"],[0.3333333333333333,"#9c179e"],[0.4444444444444444,"#bd3786"],[0.5555555555555556,"#d8576b"],[0.6666666666666666,"#ed7953"],[0.7777777777777778,"#fb9f3a"],[0.8888888888888888,"#fdca26"],[1.0,"#f0f921"]],"type":"surface"}],"table":[{"cells":{"fill":{"color":"#EBF0F8"},"line":{"color":"white"}},"header":{"fill":{"color":"#C8D4E3"},"line":{"color":"white"}},"type":"table"}]},"layout":{"annotationdefaults":{"arrowcolor":"#2a3f5f","arrowhead":0,"arrowwidth":1},"autotypenumbers":"strict","coloraxis":{"colorbar":{"outlinewidth":0,"ticks":""}},"colorscale":{"diverging":[[0,"#8e0152"],[0.1,"#c51b7d"],[0.2,"#de77ae"],[0.3,"#f1b6da"],[0.4,"#fde0ef"],[0.5,"#f7f7f7"],[0.6,"#e6f5d0"],[0.7,"#b8e186"],[0.8,"#7fbc41"],[0.9,"#4d9221"],[1,"#276419"]],"sequential":[[0.0,"#0d0887"],[0.1111111111111111,"#46039f"],[0.2222222222222222,"#7201a8"],[0.3333333333333333,"#9c179e"],[0.4444444444444444,"#bd3786"],[0.5555555555555556,"#d8576b"],[0.6666666666666666,"#ed7953"],[0.7777777777777778,"#fb9f3a"],[0.8888888888888888,"#fdca26"],[1.0,"#f0f921"]],"sequentialminus":[[0.0,"#0d0887"],[0.1111111111111111,"#46039f"],[0.2222222222222222,"#7201a8"],[0.3333333333333333,"#9c179e"],[0.4444444444444444,"#bd3786"],[0.5555555555555556,"#d8576b"],[0.6666666666666666,"#ed7953"],[0.7777777777777778,"#fb9f3a"],[0.8888888888888888,"#fdca26"],[1.0,"#f0f921"]]},"colorway":["#636efa","#EF553B","#00cc96","#ab63fa","#FFA15A","#19d3f3","#FF6692","#B6E880","#FF97FF","#FECB52"],"font":{"color":"#2a3f5f"},"geo":{"bgcolor":"white","lakecolor":"white","landcolor":"white","showlakes":true,"showland":true,"subunitcolor":"#C8D4E3"},"hoverlabel":{"align":"left"},"hovermode":"closest","mapbox":{"style":"light"},"paper_bgcolor":"white","plot_bgcolor":"white","polar":{"angularaxis":{"gridcolor":"#EBF0F8","linecolor":"#EBF0F8","ticks":""},"bgcolor":"white","radialaxis":{"gridcolor":"#EBF0F8","linecolor":"#EBF0F8","ticks":""}},"scene":{"xaxis":{"backgroundcolor":"white","gridcolor":"#DFE8F3","gridwidth":2,"linecolor":"#EBF0F8","showbackground":true,"ticks":"","zerolinecolor":"#EBF0F8"},"yaxis":{"backgroundcolor":"white","gridcolor":"#DFE8F3","gridwidth":2,"linecolor":"#EBF0F8","showbackground":true,"ticks":"","zerolinecolor":"#EBF0F8"},"zaxis":{"backgroundcolor":"white","gridcolor":"#DFE8F3","gridwidth":2,"linecolor":"#EBF0F8","showbackground":true,"ticks":"","zerolinecolor":"#EBF0F8"}},"shapedefaults":{"line":{"color":"#2a3f5f"}},"ternary":{"aaxis":{"gridcolor":"#DFE8F3","linecolor":"#A2B1C6","ticks":""},"baxis":{"gridcolor":"#DFE8F3","linecolor":"#A2B1C6","ticks":""},"bgcolor":"white","caxis":{"gridcolor":"#DFE8F3","linecolor":"#A2B1C6","ticks":""}},"title":{"x":0.05},"xaxis":{"automargin":true,"gridcolor":"#EBF0F8","linecolor":"#EBF0F8","ticks":"","title":{"standoff":15},"zerolinecolor":"#EBF0F8","zerolinewidth":2},"yaxis":{"automargin":true,"gridcolor":"#EBF0F8","linecolor":"#EBF0F8","ticks":"","title":{"standoff":15},"zerolinecolor":"#EBF0F8","zerolinewidth":2}}},"legend":{"orientation":"h","yanchor":"bottom","y":1.02,"x":0.0},"margin":{"l":90,"r":40,"t":70,"b":50},"hoverlabel":{"bgcolor":"white"},"title":{"text":"Where Space Is Filling Up — Active vs Decayed by Altitude Band"},"barmode":"overlay","bargap":0.2,"xaxis":{"title":{"text":"Count (left = decayed, right = active)"},"range":[-16831.5,16831.5],"zeroline":true,"zerolinewidth":1,"zerolinecolor":"rgba(0,0,0,0.3)"},"yaxis":{"title":{"text":"Altitude band"}},"annotations":[{"bgcolor":"rgba(76,120,168,0.12)","font":{"color":"#1f77b4","size":11},"showarrow":false,"text":"Crowded (few decays)","x":4931.7,"xanchor":"left","y":" 800–1000 km"},{"bgcolor":"rgba(76,120,168,0.12)","font":{"color":"#1f77b4","size":11},"showarrow":false,"text":"Crowded (few decays)","x":1803.3600000000001,"xanchor":"left","y":"1000–1200 km"},{"bgcolor":"rgba(76,120,168,0.12)","font":{"color":"#1f77b4","size":11},"showarrow":false,"text":"Crowded (few decays)","x":1490.22,"xanchor":"left","y":"1400–1600 km"}]},                        {"responsive": true}                    )                };                            </script>        </div>
</body>
</html>